size(500,500);


fill(173,216,230);
rect(150,50,200,100);
fill(255,0,255);
rect(225,150,50,25);
fill(139,0,139);
rect(225,175,50,25);
fill(128,0,128);
rect(225,200,50,25);
fill(32,178,170);
rect(200,225,100,100);
fill(72,209,204);
rect(100,225,100,20);
fill(175,238,238);
rect(100,150,20,75);
fill(72,209,204);
rect(300,225,75,20);
fill(175,238,238);
rect(375,225,20,60);
fill(72,209,204);
rect(210,325,30,100);
rect(260,325,30,100);
fill(175,238,238);
rect(150,425,90,45);
rect(260,425,90,45);
fill(255,20,147);
arc(200,100,50,50,PI,TWO_PI);
arc(300,100,50,50,PI,TWO_PI);
fill(255,105,180);
arc(250,120,150,40,0,PI);
fill(0,255,255);
ellipse(250,250,15,15);
ellipse(250,275,15,15);
ellipse(250,300,15,15);
